iterasi =

  Columns 1 through 9

    0.2270    0.2342    0.2382    0.2397    0.2402    0.2404    0.2405    0.2405    0.2405

  Columns 10 through 18

    0.2405    0.2405    0.2405    0.2405    0.2405    0.2405    0.2405    0.2405    0.2406

  Columns 19 through 27

    0.2406    0.2406    0.2406    0.2406    0.2406    0.2406    0.2406    0.2406    0.2406

  Columns 28 through 36

    0.2406    0.2406    0.2406    0.2406    0.2406    0.2406    0.2406    0.2406    0.2405

  Columns 37 through 45

    0.2405    0.2405    0.2405    0.2405    0.2405    0.2405    0.2404    0.2404    0.2404

  Columns 46 through 54

    0.2404    0.2403    0.2403    0.2403    0.2402    0.2402    0.2401    0.2400    0.2400

  Columns 55 through 63

    0.2399    0.2398    0.2397    0.2396    0.2395    0.2393    0.2392    0.2391    0.2389

  Columns 64 through 72

    0.2387    0.2385    0.2383    0.2381    0.2378    0.2375    0.2372    0.2369    0.2366

  Columns 73 through 81

    0.2362    0.2358    0.2353    0.2348    0.2343    0.2338    0.2332    0.2325    0.2318

  Columns 82 through 90

    0.2310    0.2302    0.2294    0.2284    0.2274    0.2264    0.2252    0.2240    0.2227

  Columns 91 through 99

    0.2214    0.2199    0.2184    0.2168    0.2150    0.2132    0.2114    0.2094    0.2073

  Columns 100 through 108

    0.2052    0.2029    0.2006    0.1982    0.1958    0.1932    0.1906    0.1879    0.1852

  Columns 109 through 117

    0.1824    0.1796    0.1768    0.1739    0.1710    0.1681    0.1652    0.1623    0.1594

  Columns 118 through 126

    0.1566    0.1537    0.1509    0.1482    0.1455    0.1428    0.1402    0.1376    0.1351

  Columns 127 through 135

    0.1326    0.1302    0.1279    0.1256    0.1234    0.1213    0.1192    0.1172    0.1152

  Columns 136 through 144

    0.1133    0.1115    0.1097    0.1080    0.1063    0.1047    0.1031    0.1015    0.1001

  Columns 145 through 153

    0.0986    0.0972    0.0959    0.0946    0.0933    0.0921    0.0909    0.0897    0.0886

  Columns 154 through 162

    0.0875    0.0864    0.0854    0.0844    0.0834    0.0824    0.0815    0.0806    0.0797

  Columns 163 through 171

    0.0789    0.0780    0.0772    0.0764    0.0756    0.0748    0.0741    0.0734    0.0726

  Columns 172 through 180

    0.0719    0.0713    0.0706    0.0699    0.0693    0.0687    0.0681    0.0674    0.0669

  Columns 181 through 189

    0.0663    0.0657    0.0651    0.0646    0.0640    0.0635    0.0630    0.0625    0.0620

  Columns 190 through 198

    0.0615    0.0610    0.0605    0.0600    0.0596    0.0591    0.0587    0.0582    0.0578

  Columns 199 through 207

    0.0574    0.0570    0.0565    0.0561    0.0557    0.0553    0.0549    0.0546    0.0542

  Columns 208 through 216

    0.0538    0.0534    0.0531    0.0527    0.0524    0.0520    0.0517    0.0513    0.0510

  Columns 217 through 225

    0.0507    0.0504    0.0500    0.0497    0.0494    0.0491    0.0488    0.0485    0.0482

  Columns 226 through 234

    0.0479    0.0476    0.0474    0.0471    0.0468    0.0465    0.0463    0.0460    0.0458

  Columns 235 through 243

    0.0455    0.0453    0.0450    0.0448    0.0445    0.0443    0.0440    0.0438    0.0436

  Columns 244 through 252

    0.0434    0.0431    0.0429    0.0427    0.0425    0.0423    0.0421    0.0419    0.0417

  Columns 253 through 261

    0.0415    0.0413    0.0411    0.0409    0.0407    0.0405    0.0403    0.0401    0.0400

  Columns 262 through 270

    0.0398    0.0396    0.0394    0.0393    0.0391    0.0389    0.0388    0.0386    0.0384

  Columns 271 through 279

    0.0383    0.0381    0.0380    0.0378    0.0377    0.0375    0.0374    0.0372    0.0371

  Columns 280 through 288

    0.0370    0.0368    0.0367    0.0366    0.0364    0.0363    0.0362    0.0360    0.0359

  Columns 289 through 297

    0.0358    0.0357    0.0355    0.0354    0.0353    0.0352    0.0351    0.0350    0.0349

  Columns 298 through 306

    0.0347    0.0346    0.0345    0.0344    0.0343    0.0342    0.0341    0.0340    0.0339

  Columns 307 through 315

    0.0338    0.0337    0.0336    0.0335    0.0334    0.0333    0.0333    0.0332    0.0331

  Columns 316 through 324

    0.0330    0.0329    0.0328    0.0327    0.0326    0.0326    0.0325    0.0324    0.0323

  Columns 325 through 333

    0.0322    0.0322    0.0321    0.0320    0.0319    0.0319    0.0318    0.0317    0.0316

  Columns 334 through 342

    0.0316    0.0315    0.0314    0.0314    0.0313    0.0312    0.0312    0.0311    0.0310

  Columns 343 through 351

    0.0310    0.0309    0.0309    0.0308    0.0307    0.0307    0.0306    0.0306    0.0305

  Columns 352 through 360

    0.0304    0.0304    0.0303    0.0303    0.0302    0.0302    0.0301    0.0301    0.0300

  Columns 361 through 369

    0.0300    0.0299    0.0298    0.0298    0.0297    0.0297    0.0297    0.0296    0.0296

  Columns 370 through 378

    0.0295    0.0295    0.0294    0.0294    0.0293    0.0293    0.0292    0.0292    0.0292

  Columns 379 through 387

    0.0291    0.0291    0.0290    0.0290    0.0289    0.0289    0.0289    0.0288    0.0288

  Columns 388 through 396

    0.0287    0.0287    0.0287    0.0286    0.0286    0.0286    0.0285    0.0285    0.0285

  Columns 397 through 405

    0.0284    0.0284    0.0283    0.0283    0.0283    0.0282    0.0282    0.0282    0.0281

  Columns 406 through 414

    0.0281    0.0281    0.0281    0.0280    0.0280    0.0280    0.0279    0.0279    0.0279

  Columns 415 through 423

    0.0278    0.0278    0.0278    0.0278    0.0277    0.0277    0.0277    0.0276    0.0276

  Columns 424 through 432

    0.0276    0.0276    0.0275    0.0275    0.0275    0.0275    0.0274    0.0274    0.0274

  Columns 433 through 441

    0.0274    0.0273    0.0273    0.0273    0.0273    0.0272    0.0272    0.0272    0.0272

  Columns 442 through 450

    0.0271    0.0271    0.0271    0.0271    0.0271    0.0270    0.0270    0.0270    0.0270

  Columns 451 through 459

    0.0269    0.0269    0.0269    0.0269    0.0269    0.0268    0.0268    0.0268    0.0268

  Columns 460 through 468

    0.0268    0.0267    0.0267    0.0267    0.0267    0.0267    0.0267    0.0266    0.0266

  Columns 469 through 477

    0.0266    0.0266    0.0266    0.0265    0.0265    0.0265    0.0265    0.0265    0.0265

  Columns 478 through 486

    0.0264    0.0264    0.0264    0.0264    0.0264    0.0264    0.0263    0.0263    0.0263

  Columns 487 through 495

    0.0263    0.0263    0.0263    0.0262    0.0262    0.0262    0.0262    0.0262    0.0262

  Columns 496 through 504

    0.0262    0.0261    0.0261    0.0261    0.0261    0.0261    0.0261    0.0261    0.0260

  Columns 505 through 513

    0.0260    0.0260    0.0260    0.0260    0.0260    0.0260    0.0260    0.0259    0.0259

  Columns 514 through 522

    0.0259    0.0259    0.0259    0.0259    0.0259    0.0259    0.0258    0.0258    0.0258

  Columns 523 through 531

    0.0258    0.0258    0.0258    0.0258    0.0258    0.0258    0.0257    0.0257    0.0257

  Columns 532 through 540

    0.0257    0.0257    0.0257    0.0257    0.0257    0.0257    0.0256    0.0256    0.0256

  Columns 541 through 549

    0.0256    0.0256    0.0256    0.0256    0.0256    0.0256    0.0256    0.0255    0.0255

  Columns 550 through 558

    0.0255    0.0255    0.0255    0.0255    0.0255    0.0255    0.0255    0.0255    0.0254

  Columns 559 through 567

    0.0254    0.0254    0.0254    0.0254    0.0254    0.0254    0.0254    0.0254    0.0254

  Columns 568 through 576

    0.0254    0.0253    0.0253    0.0253    0.0253    0.0253    0.0253    0.0253    0.0253

  Columns 577 through 585

    0.0253    0.0253    0.0253    0.0253    0.0253    0.0252    0.0252    0.0252    0.0252

  Columns 586 through 594

    0.0252    0.0252    0.0252    0.0252    0.0252    0.0252    0.0252    0.0252    0.0252

  Columns 595 through 603

    0.0251    0.0251    0.0251    0.0251    0.0251    0.0251    0.0251    0.0251    0.0251

  Columns 604 through 612

    0.0251    0.0251    0.0251    0.0251    0.0251    0.0250    0.0250    0.0250    0.0250

  Columns 613 through 621

    0.0250    0.0250    0.0250    0.0250    0.0250    0.0250    0.0250    0.0250    0.0250

  Columns 622 through 630

    0.0250    0.0250    0.0250    0.0249    0.0249    0.0249    0.0249    0.0249    0.0249

  Columns 631 through 639

    0.0249    0.0249    0.0249    0.0249    0.0249    0.0249    0.0249    0.0249    0.0249

  Columns 640 through 648

    0.0249    0.0249    0.0249    0.0248    0.0248    0.0248    0.0248    0.0248    0.0248

  Columns 649 through 657

    0.0248    0.0248    0.0248    0.0248    0.0248    0.0248    0.0248    0.0248    0.0248

  Columns 658 through 666

    0.0248    0.0248    0.0248    0.0248    0.0247    0.0247    0.0247    0.0247    0.0247

  Columns 667 through 675

    0.0247    0.0247    0.0247    0.0247    0.0247    0.0247    0.0247    0.0247    0.0247

  Columns 676 through 684

    0.0247    0.0247    0.0247    0.0247    0.0247    0.0247    0.0247    0.0247    0.0246

  Columns 685 through 693

    0.0246    0.0246    0.0246    0.0246    0.0246    0.0246    0.0246    0.0246    0.0246

  Columns 694 through 702

    0.0246    0.0246    0.0246    0.0246    0.0246    0.0246    0.0246    0.0246    0.0246

  Columns 703 through 711

    0.0246    0.0246    0.0246    0.0246    0.0246    0.0246    0.0245    0.0245    0.0245

  Columns 712 through 720

    0.0245    0.0245    0.0245    0.0245    0.0245    0.0245    0.0245    0.0245    0.0245

  Columns 721 through 729

    0.0245    0.0245    0.0245    0.0245    0.0245    0.0245    0.0245    0.0245    0.0245

  Columns 730 through 738

    0.0245    0.0245    0.0245    0.0245    0.0245    0.0245    0.0245    0.0244    0.0244

  Columns 739 through 747

    0.0244    0.0244    0.0244    0.0244    0.0244    0.0244    0.0244    0.0244    0.0244

  Columns 748 through 756

    0.0244    0.0244    0.0244    0.0244    0.0244    0.0244    0.0244    0.0244    0.0244

  Columns 757 through 765

    0.0244    0.0244    0.0244    0.0244    0.0244    0.0244    0.0244    0.0244    0.0244

  Columns 766 through 774

    0.0244    0.0244    0.0244    0.0244    0.0243    0.0243    0.0243    0.0243    0.0243

  Columns 775 through 783

    0.0243    0.0243    0.0243    0.0243    0.0243    0.0243    0.0243    0.0243    0.0243

  Columns 784 through 792

    0.0243    0.0243    0.0243    0.0243    0.0243    0.0243    0.0243    0.0243    0.0243

  Columns 793 through 801

    0.0243    0.0243    0.0243    0.0243    0.0243    0.0243    0.0243    0.0243    0.0243

  Columns 802 through 810

    0.0243    0.0243    0.0243    0.0243    0.0243    0.0243    0.0242    0.0242    0.0242

  Columns 811 through 819

    0.0242    0.0242    0.0242    0.0242    0.0242    0.0242    0.0242    0.0242    0.0242

  Columns 820 through 828

    0.0242    0.0242    0.0242    0.0242    0.0242    0.0242    0.0242    0.0242    0.0242

  Columns 829 through 837

    0.0242    0.0242    0.0242    0.0242    0.0242    0.0242    0.0242    0.0242    0.0242

  Columns 838 through 846

    0.0242    0.0242    0.0242    0.0242    0.0242    0.0242    0.0242    0.0242    0.0242

  Columns 847 through 855

    0.0242    0.0242    0.0242    0.0242    0.0242    0.0242    0.0242    0.0241    0.0241

  Columns 856 through 864

    0.0241    0.0241    0.0241    0.0241    0.0241    0.0241    0.0241    0.0241    0.0241

  Columns 865 through 873

    0.0241    0.0241    0.0241    0.0241    0.0241    0.0241    0.0241    0.0241    0.0241

  Columns 874 through 882

    0.0241    0.0241    0.0241    0.0241    0.0241    0.0241    0.0241    0.0241    0.0241

  Columns 883 through 891

    0.0241    0.0241    0.0241    0.0241    0.0241    0.0241    0.0241    0.0241    0.0241

  Columns 892 through 900

    0.0241    0.0241    0.0241    0.0241    0.0241    0.0241    0.0241    0.0241    0.0241

  Columns 901 through 909

    0.0241    0.0241    0.0241    0.0241    0.0241    0.0241    0.0241    0.0241    0.0241

  Columns 910 through 918

    0.0240    0.0240    0.0240    0.0240    0.0240    0.0240    0.0240    0.0240    0.0240

  Columns 919 through 927

    0.0240    0.0240    0.0240    0.0240    0.0240    0.0240    0.0240    0.0240    0.0240

  Columns 928 through 936

    0.0240    0.0240    0.0240    0.0240    0.0240    0.0240    0.0240    0.0240    0.0240

  Columns 937 through 945

    0.0240    0.0240    0.0240    0.0240    0.0240    0.0240    0.0240    0.0240    0.0240

  Columns 946 through 954

    0.0240    0.0240    0.0240    0.0240    0.0240    0.0240    0.0240    0.0240    0.0240

  Columns 955 through 963

    0.0240    0.0240    0.0240    0.0240    0.0240    0.0240    0.0240    0.0240    0.0240

  Columns 964 through 972

    0.0240    0.0240    0.0240    0.0240    0.0240    0.0240    0.0240    0.0240    0.0240

  Columns 973 through 981

    0.0240    0.0240    0.0240    0.0240    0.0240    0.0240    0.0240    0.0239    0.0239

  Columns 982 through 990

    0.0239    0.0239    0.0239    0.0239    0.0239    0.0239    0.0239    0.0239    0.0239

  Columns 991 through 999

    0.0239    0.0239    0.0239    0.0239    0.0239    0.0239    0.0239    0.0239    0.0239

  Columns 1000 through 1008

    0.0239    0.0239    0.0239    0.0239    0.0239    0.0239    0.0239    0.0239    0.0239

  Columns 1009 through 1017

    0.0239    0.0239    0.0239    0.0239    0.0239    0.0239    0.0239    0.0239    0.0239

  Columns 1018 through 1026

    0.0239    0.0239    0.0239    0.0239    0.0239    0.0239    0.0239    0.0239    0.0239

  Columns 1027 through 1035

    0.0239    0.0239    0.0239    0.0239    0.0239    0.0239    0.0239    0.0239    0.0239

  Columns 1036 through 1044

    0.0239    0.0239    0.0239    0.0239    0.0239    0.0239    0.0239    0.0239    0.0239

  Columns 1045 through 1053

    0.0239    0.0239    0.0239    0.0239    0.0239    0.0239    0.0239    0.0239    0.0239

  Columns 1054 through 1062

    0.0239    0.0239    0.0239    0.0239    0.0239    0.0239    0.0239    0.0239    0.0239

  Columns 1063 through 1071

    0.0239    0.0239    0.0239    0.0239    0.0239    0.0239    0.0239    0.0239    0.0238

  Columns 1072 through 1080

    0.0238    0.0238    0.0238    0.0238    0.0238    0.0238    0.0238    0.0238    0.0238

  Columns 1081 through 1089

    0.0238    0.0238    0.0238    0.0238    0.0238    0.0238    0.0238    0.0238    0.0238

  Columns 1090 through 1098

    0.0238    0.0238    0.0238    0.0238    0.0238    0.0238    0.0238    0.0238    0.0238

  Columns 1099 through 1107

    0.0238    0.0238    0.0238    0.0238    0.0238    0.0238    0.0238    0.0238    0.0238

  Columns 1108 through 1116

    0.0238    0.0238    0.0238    0.0238    0.0238    0.0238    0.0238    0.0238    0.0238

  Columns 1117 through 1125

    0.0238    0.0238    0.0238    0.0238    0.0238    0.0238    0.0238    0.0238    0.0238

  Columns 1126 through 1134

    0.0238    0.0238    0.0238    0.0238    0.0238    0.0238    0.0238    0.0238    0.0238

  Columns 1135 through 1143

    0.0238    0.0238    0.0238    0.0238    0.0238    0.0238    0.0238    0.0238    0.0238

  Columns 1144 through 1152

    0.0238    0.0238    0.0238    0.0238    0.0238    0.0238    0.0238    0.0238    0.0238

  Columns 1153 through 1161

    0.0238    0.0238    0.0238    0.0238    0.0238    0.0238    0.0238    0.0238    0.0238

  Columns 1162 through 1170

    0.0238    0.0238    0.0238    0.0238    0.0238    0.0238    0.0238    0.0238    0.0238

  Columns 1171 through 1179

    0.0238    0.0238    0.0238    0.0238    0.0238    0.0238    0.0238    0.0238    0.0238

  Columns 1180 through 1188

    0.0238    0.0238    0.0238    0.0238    0.0238    0.0238    0.0238    0.0238    0.0238

  Columns 1189 through 1197

    0.0238    0.0238    0.0238    0.0238    0.0238    0.0237    0.0237    0.0237    0.0237

  Columns 1198 through 1206

    0.0237    0.0237    0.0237    0.0237    0.0237    0.0237    0.0237    0.0237    0.0237

  Columns 1207 through 1215

    0.0237    0.0237    0.0237    0.0237    0.0237    0.0237    0.0237    0.0237    0.0237

  Columns 1216 through 1224

    0.0237    0.0237    0.0237    0.0237    0.0237    0.0237    0.0237    0.0237    0.0237

  Columns 1225 through 1233

    0.0237    0.0237    0.0237    0.0237    0.0237    0.0237    0.0237    0.0237    0.0237

  Columns 1234 through 1242

    0.0237    0.0237    0.0237    0.0237    0.0237    0.0237    0.0237    0.0237    0.0237

  Columns 1243 through 1251

    0.0237    0.0237    0.0237    0.0237    0.0237    0.0237    0.0237    0.0237    0.0237

  Columns 1252 through 1260

    0.0237    0.0237    0.0237    0.0237    0.0237    0.0237    0.0237    0.0237    0.0237

  Columns 1261 through 1269

    0.0237    0.0237    0.0237    0.0237    0.0237    0.0237    0.0237    0.0237    0.0237

  Columns 1270 through 1278

    0.0237    0.0237    0.0237    0.0237    0.0237    0.0237    0.0237    0.0237    0.0237

  Columns 1279 through 1287

    0.0237    0.0237    0.0237    0.0237    0.0237    0.0237    0.0237    0.0237    0.0237

  Columns 1288 through 1296

    0.0237    0.0237    0.0237    0.0237    0.0237    0.0237    0.0237    0.0237    0.0237

  Columns 1297 through 1305

    0.0237    0.0237    0.0237    0.0237    0.0237    0.0237    0.0237    0.0237    0.0237

  Columns 1306 through 1314

    0.0237    0.0237    0.0237    0.0237    0.0237    0.0237    0.0237    0.0237    0.0237

  Columns 1315 through 1323

    0.0237    0.0237    0.0237    0.0237    0.0237    0.0237    0.0237    0.0237    0.0237

  Columns 1324 through 1332

    0.0237    0.0237    0.0237    0.0237    0.0237    0.0237    0.0237    0.0237    0.0237

  Columns 1333 through 1341

    0.0237    0.0237    0.0237    0.0237    0.0237    0.0237    0.0237    0.0237    0.0237

  Columns 1342 through 1350

    0.0237    0.0237    0.0237    0.0237    0.0237    0.0237    0.0237    0.0237    0.0237

  Columns 1351 through 1359

    0.0237    0.0237    0.0237    0.0237    0.0237    0.0237    0.0237    0.0237    0.0237

  Columns 1360 through 1368

    0.0237    0.0237    0.0237    0.0237    0.0237    0.0237    0.0237    0.0237    0.0237

  Columns 1369 through 1377

    0.0237    0.0237    0.0236    0.0236    0.0236    0.0236    0.0236    0.0236    0.0236

  Columns 1378 through 1386

    0.0236    0.0236    0.0236    0.0236    0.0236    0.0236    0.0236    0.0236    0.0236

  Columns 1387 through 1395

    0.0236    0.0236    0.0236    0.0236    0.0236    0.0236    0.0236    0.0236    0.0236

  Columns 1396 through 1404

    0.0236    0.0236    0.0236    0.0236    0.0236    0.0236    0.0236    0.0236    0.0236

  Columns 1405 through 1413

    0.0236    0.0236    0.0236    0.0236    0.0236    0.0236    0.0236    0.0236    0.0236

  Columns 1414 through 1422

    0.0236    0.0236    0.0236    0.0236    0.0236    0.0236    0.0236    0.0236    0.0236

  Columns 1423 through 1431

    0.0236    0.0236    0.0236    0.0236    0.0236    0.0236    0.0236    0.0236    0.0236

  Columns 1432 through 1440

    0.0236    0.0236    0.0236    0.0236    0.0236    0.0236    0.0236    0.0236    0.0236

  Columns 1441 through 1449

    0.0236    0.0236    0.0236    0.0236    0.0236    0.0236    0.0236    0.0236    0.0236

  Columns 1450 through 1458

    0.0236    0.0236    0.0236    0.0236    0.0236    0.0236    0.0236    0.0236    0.0236

  Columns 1459 through 1467

    0.0236    0.0236    0.0236    0.0236    0.0236    0.0236    0.0236    0.0236    0.0236

  Columns 1468 through 1476

    0.0236    0.0236    0.0236    0.0236    0.0236    0.0236    0.0236    0.0236    0.0236

  Columns 1477 through 1485

    0.0236    0.0236    0.0236    0.0236    0.0236    0.0236    0.0236    0.0236    0.0236

  Columns 1486 through 1494

    0.0236    0.0236    0.0236    0.0236    0.0236    0.0236    0.0236    0.0236    0.0236

  Columns 1495 through 1503

    0.0236    0.0236    0.0236    0.0236    0.0236    0.0236    0.0236    0.0236    0.0236

  Columns 1504 through 1512

    0.0236    0.0236    0.0236    0.0236    0.0236    0.0236    0.0236    0.0236    0.0236

  Columns 1513 through 1521

    0.0236    0.0236    0.0236    0.0236    0.0236    0.0236    0.0236    0.0236    0.0236

  Columns 1522 through 1530

    0.0236    0.0236    0.0236    0.0236    0.0236    0.0236    0.0236    0.0236    0.0236

  Columns 1531 through 1539

    0.0236    0.0236    0.0236    0.0236    0.0236    0.0236    0.0236    0.0236    0.0236

  Columns 1540 through 1548

    0.0236    0.0236    0.0236    0.0236    0.0236    0.0236    0.0236    0.0236    0.0236

  Columns 1549 through 1557

    0.0236    0.0236    0.0236    0.0236    0.0236    0.0236    0.0236    0.0236    0.0236

  Columns 1558 through 1566

    0.0236    0.0236    0.0236    0.0236    0.0236    0.0236    0.0236    0.0236    0.0236

  Columns 1567 through 1575

    0.0236    0.0236    0.0236    0.0236    0.0236    0.0236    0.0236    0.0236    0.0236

  Columns 1576 through 1584

    0.0236    0.0236    0.0236    0.0236    0.0236    0.0236    0.0236    0.0236    0.0236

  Columns 1585 through 1593

    0.0236    0.0236    0.0236    0.0236    0.0236    0.0236    0.0236    0.0236    0.0236

  Columns 1594 through 1602

    0.0236    0.0236    0.0236    0.0236    0.0236    0.0236    0.0236    0.0236    0.0236

  Columns 1603 through 1611

    0.0236    0.0236    0.0236    0.0236    0.0236    0.0236    0.0236    0.0236    0.0236

  Columns 1612 through 1620

    0.0236    0.0236    0.0236    0.0236    0.0236    0.0236    0.0236    0.0236    0.0236

  Columns 1621 through 1629

    0.0236    0.0236    0.0236    0.0236    0.0236    0.0236    0.0236    0.0236    0.0236

  Columns 1630 through 1638

    0.0236    0.0236    0.0236    0.0236    0.0236    0.0236    0.0236    0.0236    0.0236

  Columns 1639 through 1647

    0.0235    0.0235    0.0235    0.0235    0.0235    0.0235    0.0235    0.0235    0.0235

  Columns 1648 through 1656

    0.0235    0.0235    0.0235    0.0235    0.0235    0.0235    0.0235    0.0235    0.0235

  Columns 1657 through 1665

    0.0235    0.0235    0.0235    0.0235    0.0235    0.0235    0.0235    0.0235    0.0235

  Columns 1666 through 1674

    0.0235    0.0235    0.0235    0.0235    0.0235    0.0235    0.0235    0.0235    0.0235

  Columns 1675 through 1683

    0.0235    0.0235    0.0235    0.0235    0.0235    0.0235    0.0235    0.0235    0.0235

  Columns 1684 through 1692

    0.0235    0.0235    0.0235    0.0235    0.0235    0.0235    0.0235    0.0235    0.0235

  Columns 1693 through 1701

    0.0235    0.0235    0.0235    0.0235    0.0235    0.0235    0.0235    0.0235    0.0235

  Columns 1702 through 1710

    0.0235    0.0235    0.0235    0.0235    0.0235    0.0235    0.0235    0.0235    0.0235

  Columns 1711 through 1719

    0.0235    0.0235    0.0235    0.0235    0.0235    0.0235    0.0235    0.0235    0.0235

  Columns 1720 through 1728

    0.0235    0.0235    0.0235    0.0235    0.0235    0.0235    0.0235    0.0235    0.0235

  Columns 1729 through 1737

    0.0235    0.0235    0.0235    0.0235    0.0235    0.0235    0.0235    0.0235    0.0235

  Columns 1738 through 1746

    0.0235    0.0235    0.0235    0.0235    0.0235    0.0235    0.0235    0.0235    0.0235

  Columns 1747 through 1755

    0.0235    0.0235    0.0235    0.0235    0.0235    0.0235    0.0235    0.0235    0.0235

  Columns 1756 through 1764

    0.0235    0.0235    0.0235    0.0235    0.0235    0.0235    0.0235    0.0235    0.0235

  Columns 1765 through 1773

    0.0235    0.0235    0.0235    0.0235    0.0235    0.0235    0.0235    0.0235    0.0235

  Columns 1774 through 1782

    0.0235    0.0235    0.0235    0.0235    0.0235    0.0235    0.0235    0.0235    0.0235

  Columns 1783 through 1791

    0.0235    0.0235    0.0235    0.0235    0.0235    0.0235    0.0235    0.0235    0.0235

  Columns 1792 through 1800

    0.0235    0.0235    0.0235    0.0235    0.0235    0.0235    0.0235    0.0235    0.0235

  Columns 1801 through 1809

    0.0235    0.0235    0.0235    0.0235    0.0235    0.0235    0.0235    0.0235    0.0235

  Columns 1810 through 1818

    0.0235    0.0235    0.0235    0.0235    0.0235    0.0235    0.0235    0.0235    0.0235

  Columns 1819 through 1827

    0.0235    0.0235    0.0235    0.0235    0.0235    0.0235    0.0235    0.0235    0.0235

  Columns 1828 through 1836

    0.0235    0.0235    0.0235    0.0235    0.0235    0.0235    0.0235    0.0235    0.0235

  Columns 1837 through 1845

    0.0235    0.0235    0.0235    0.0235    0.0235    0.0235    0.0235    0.0235    0.0235

  Columns 1846 through 1854

    0.0235    0.0235    0.0235    0.0235    0.0235    0.0235    0.0235    0.0235    0.0235

  Columns 1855 through 1863

    0.0235    0.0235    0.0235    0.0235    0.0235    0.0235    0.0235    0.0235    0.0235

  Columns 1864 through 1872

    0.0235    0.0235    0.0235    0.0235    0.0235    0.0235    0.0235    0.0235    0.0235

  Columns 1873 through 1881

    0.0235    0.0235    0.0235    0.0235    0.0235    0.0235    0.0235    0.0235    0.0235

  Columns 1882 through 1890

    0.0235    0.0235    0.0235    0.0235    0.0235    0.0235    0.0235    0.0235    0.0235

  Columns 1891 through 1899

    0.0235    0.0235    0.0235    0.0235    0.0235    0.0235    0.0235    0.0235    0.0235

  Columns 1900 through 1908

    0.0235    0.0235    0.0235    0.0235    0.0235    0.0235    0.0235    0.0235    0.0235

  Columns 1909 through 1917

    0.0235    0.0235    0.0235    0.0235    0.0235    0.0235    0.0235    0.0235    0.0235

  Columns 1918 through 1926

    0.0235    0.0235    0.0235    0.0235    0.0235    0.0235    0.0235    0.0235    0.0235

  Columns 1927 through 1935

    0.0235    0.0235    0.0235    0.0235    0.0235    0.0235    0.0235    0.0235    0.0235

  Columns 1936 through 1944

    0.0235    0.0235    0.0235    0.0235    0.0235    0.0235    0.0235    0.0235    0.0235

  Columns 1945 through 1953

    0.0235    0.0235    0.0235    0.0235    0.0235    0.0235    0.0235    0.0235    0.0235

  Columns 1954 through 1962

    0.0235    0.0235    0.0235    0.0235    0.0235    0.0235    0.0235    0.0235    0.0235

  Columns 1963 through 1971

    0.0235    0.0235    0.0235    0.0235    0.0235    0.0235    0.0235    0.0235    0.0235

  Columns 1972 through 1980

    0.0235    0.0235    0.0235    0.0235    0.0235    0.0235    0.0235    0.0235    0.0235

  Columns 1981 through 1989

    0.0235    0.0235    0.0235    0.0235    0.0235    0.0235    0.0235    0.0235    0.0235

  Columns 1990 through 1998

    0.0235    0.0235    0.0235    0.0235    0.0235    0.0235    0.0235    0.0235    0.0235

  Columns 1999 through 2007

    0.0235    0.0235    0.0235    0.0235    0.0235    0.0235    0.0235    0.0235    0.0235

  Columns 2008 through 2016

    0.0235    0.0235    0.0235    0.0235    0.0235    0.0235    0.0235    0.0235    0.0235

  Columns 2017 through 2025

    0.0235    0.0235    0.0235    0.0235    0.0235    0.0235    0.0235    0.0235    0.0235

  Columns 2026 through 2034

    0.0235    0.0235    0.0235    0.0235    0.0235    0.0235    0.0235    0.0235    0.0235

  Columns 2035 through 2043

    0.0235    0.0235    0.0235    0.0235    0.0235    0.0235    0.0235    0.0235    0.0235

  Columns 2044 through 2052

    0.0235    0.0235    0.0235    0.0235    0.0235    0.0235    0.0235    0.0235    0.0235

  Columns 2053 through 2061

    0.0235    0.0235    0.0235    0.0235    0.0235    0.0234    0.0234    0.0234    0.0234

  Columns 2062 through 2070

    0.0234    0.0234    0.0234    0.0234    0.0234    0.0234    0.0234    0.0234    0.0234

  Columns 2071 through 2079

    0.0234    0.0234    0.0234    0.0234    0.0234    0.0234    0.0234    0.0234    0.0234

  Columns 2080 through 2088

    0.0234    0.0234    0.0234    0.0234    0.0234    0.0234    0.0234    0.0234    0.0234

  Columns 2089 through 2097

    0.0234    0.0234    0.0234    0.0234    0.0234    0.0234    0.0234    0.0234    0.0234

  Columns 2098 through 2106

    0.0234    0.0234    0.0234    0.0234    0.0234    0.0234    0.0234    0.0234    0.0234

  Columns 2107 through 2115

    0.0234    0.0234    0.0234    0.0234    0.0234    0.0234    0.0234    0.0234    0.0234

  Columns 2116 through 2124

    0.0234    0.0234    0.0234    0.0234    0.0234    0.0234    0.0234    0.0234    0.0234

  Columns 2125 through 2133

    0.0234    0.0234    0.0234    0.0234    0.0234    0.0234    0.0234    0.0234    0.0234

  Columns 2134 through 2142

    0.0234    0.0234    0.0234    0.0234    0.0234    0.0234    0.0234    0.0234    0.0234

  Columns 2143 through 2151

    0.0234    0.0234    0.0234    0.0234    0.0234    0.0234    0.0234    0.0234    0.0234

  Columns 2152 through 2160

    0.0234    0.0234    0.0234    0.0234    0.0234    0.0234    0.0234    0.0234    0.0234

  Columns 2161 through 2169

    0.0234    0.0234    0.0234    0.0234    0.0234    0.0234    0.0234    0.0234    0.0234

  Columns 2170 through 2178

    0.0234    0.0234    0.0234    0.0234    0.0234    0.0234    0.0234    0.0234    0.0234

  Columns 2179 through 2187

    0.0234    0.0234    0.0234    0.0234    0.0234    0.0234    0.0234    0.0234    0.0234

  Columns 2188 through 2196

    0.0234    0.0234    0.0234    0.0234    0.0234    0.0234    0.0234    0.0234    0.0234

  Columns 2197 through 2205

    0.0234    0.0234    0.0234    0.0234    0.0234    0.0234    0.0234    0.0234    0.0234

  Columns 2206 through 2214

    0.0234    0.0234    0.0234    0.0234    0.0234    0.0234    0.0234    0.0234    0.0234

  Columns 2215 through 2223

    0.0234    0.0234    0.0234    0.0234    0.0234    0.0234    0.0234    0.0234    0.0234

  Columns 2224 through 2232

    0.0234    0.0234    0.0234    0.0234    0.0234    0.0234    0.0234    0.0234    0.0234

  Columns 2233 through 2241

    0.0234    0.0234    0.0234    0.0234    0.0234    0.0234    0.0234    0.0234    0.0234

  Columns 2242 through 2250

    0.0234    0.0234    0.0234    0.0234    0.0234    0.0234    0.0234    0.0234    0.0234

  Columns 2251 through 2259

    0.0234    0.0234    0.0234    0.0234    0.0234    0.0234    0.0234    0.0234    0.0234

  Columns 2260 through 2268

    0.0234    0.0234    0.0234    0.0234    0.0234    0.0234    0.0234    0.0234    0.0234

  Columns 2269 through 2277

    0.0234    0.0234    0.0234    0.0234    0.0234    0.0234    0.0234    0.0234    0.0234

  Columns 2278 through 2286

    0.0234    0.0234    0.0234    0.0234    0.0234    0.0234    0.0234    0.0234    0.0234

  Columns 2287 through 2295

    0.0234    0.0234    0.0234    0.0234    0.0234    0.0234    0.0234    0.0234    0.0234

  Columns 2296 through 2304

    0.0234    0.0234    0.0234    0.0234    0.0234    0.0234    0.0234    0.0234    0.0234

  Columns 2305 through 2313

    0.0234    0.0234    0.0234    0.0234    0.0234    0.0234    0.0234    0.0234    0.0234

  Columns 2314 through 2322

    0.0234    0.0234    0.0234    0.0234    0.0234    0.0234    0.0234    0.0234    0.0234

  Columns 2323 through 2331

    0.0234    0.0234    0.0234    0.0234    0.0234    0.0234    0.0234    0.0234    0.0234

  Columns 2332 through 2340

    0.0234    0.0234    0.0234    0.0234    0.0234    0.0234    0.0234    0.0234    0.0234

  Columns 2341 through 2349

    0.0234    0.0234    0.0234    0.0234    0.0234    0.0234    0.0234    0.0234    0.0234

  Columns 2350 through 2358

    0.0234    0.0234    0.0234    0.0234    0.0234    0.0234    0.0234    0.0234    0.0234

  Columns 2359 through 2367

    0.0234    0.0234    0.0234    0.0234    0.0234    0.0234    0.0234    0.0234    0.0234

  Columns 2368 through 2376

    0.0234    0.0234    0.0234    0.0234    0.0234    0.0234    0.0234    0.0234    0.0234

  Columns 2377 through 2385

    0.0234    0.0234    0.0234    0.0234    0.0234    0.0234    0.0234    0.0234    0.0234

  Columns 2386 through 2394

    0.0234    0.0234    0.0234    0.0234    0.0234    0.0234    0.0234    0.0234    0.0234

  Columns 2395 through 2403

    0.0234    0.0234    0.0234    0.0234    0.0234    0.0234    0.0234    0.0234    0.0234

  Columns 2404 through 2412

    0.0234    0.0234    0.0234    0.0234    0.0234    0.0234    0.0234    0.0234    0.0234

  Columns 2413 through 2421

    0.0234    0.0234    0.0234    0.0234    0.0234    0.0234    0.0234    0.0234    0.0234

  Columns 2422 through 2430

    0.0234    0.0234    0.0234    0.0234    0.0234    0.0234    0.0234    0.0234    0.0234

  Columns 2431 through 2439

    0.0234    0.0234    0.0234    0.0234    0.0234    0.0234    0.0234    0.0234    0.0234

  Columns 2440 through 2448

    0.0234    0.0234    0.0234    0.0234    0.0234    0.0234    0.0234    0.0234    0.0234

  Columns 2449 through 2457

    0.0234    0.0234    0.0234    0.0234    0.0234    0.0234    0.0234    0.0234    0.0234

  Columns 2458 through 2466

    0.0234    0.0234    0.0234    0.0234    0.0234    0.0234    0.0234    0.0234    0.0234

  Columns 2467 through 2475

    0.0234    0.0234    0.0234    0.0234    0.0234    0.0234    0.0234    0.0234    0.0234

  Columns 2476 through 2484

    0.0234    0.0234    0.0234    0.0234    0.0234    0.0234    0.0234    0.0234    0.0234

  Columns 2485 through 2493

    0.0234    0.0234    0.0234    0.0234    0.0234    0.0234    0.0234    0.0234    0.0234

  Columns 2494 through 2502

    0.0234    0.0234    0.0234    0.0234    0.0234    0.0234    0.0234    0.0234    0.0234

  Columns 2503 through 2511

    0.0234    0.0234    0.0234    0.0234    0.0234    0.0234    0.0234    0.0234    0.0234

  Columns 2512 through 2520

    0.0234    0.0234    0.0234    0.0234    0.0234    0.0234    0.0234    0.0234    0.0234

  Columns 2521 through 2529

    0.0234    0.0234    0.0234    0.0234    0.0234    0.0234    0.0234    0.0234    0.0234

  Columns 2530 through 2538

    0.0234    0.0234    0.0234    0.0234    0.0234    0.0234    0.0234    0.0234    0.0234

  Columns 2539 through 2547

    0.0234    0.0234    0.0234    0.0234    0.0234    0.0234    0.0234    0.0234    0.0234

  Columns 2548 through 2556

    0.0234    0.0234    0.0234    0.0234    0.0234    0.0234    0.0234    0.0234    0.0234

  Columns 2557 through 2565

    0.0234    0.0234    0.0234    0.0234    0.0234    0.0234    0.0234    0.0234    0.0234

  Columns 2566 through 2574

    0.0234    0.0234    0.0234    0.0234    0.0234    0.0234    0.0234    0.0234    0.0234

  Columns 2575 through 2583

    0.0234    0.0234    0.0234    0.0234    0.0234    0.0234    0.0234    0.0234    0.0234

  Columns 2584 through 2592

    0.0234    0.0234    0.0234    0.0234    0.0234    0.0234    0.0234    0.0234    0.0234

  Columns 2593 through 2601

    0.0234    0.0234    0.0234    0.0234    0.0234    0.0234    0.0234    0.0234    0.0234

  Columns 2602 through 2610

    0.0234    0.0234    0.0234    0.0234    0.0234    0.0234    0.0234    0.0234    0.0234

  Columns 2611 through 2619

    0.0234    0.0234    0.0234    0.0234    0.0234    0.0234    0.0234    0.0234    0.0234

  Columns 2620 through 2628

    0.0234    0.0234    0.0234    0.0234    0.0234    0.0234    0.0234    0.0234    0.0234

  Columns 2629 through 2637

    0.0234    0.0234    0.0234    0.0234    0.0234    0.0234    0.0234    0.0234    0.0234

  Columns 2638 through 2646

    0.0234    0.0234    0.0234    0.0234    0.0234    0.0234    0.0234    0.0234    0.0234

  Columns 2647 through 2655

    0.0234    0.0234    0.0234    0.0234    0.0234    0.0234    0.0234    0.0234    0.0234

  Columns 2656 through 2664

    0.0234    0.0234    0.0234    0.0234    0.0234    0.0234    0.0234    0.0234    0.0234

  Columns 2665 through 2673

    0.0234    0.0234    0.0234    0.0234    0.0234    0.0234    0.0234    0.0233    0.0233

  Columns 2674 through 2682

    0.0233    0.0233    0.0233    0.0233    0.0233    0.0233    0.0233    0.0233    0.0233

  Columns 2683 through 2691

    0.0233    0.0233    0.0233    0.0233    0.0233    0.0233    0.0233    0.0233    0.0233

  Columns 2692 through 2700

    0.0233    0.0233    0.0233    0.0233    0.0233    0.0233    0.0233    0.0233    0.0233

  Columns 2701 through 2709

    0.0233    0.0233    0.0233    0.0233    0.0233    0.0233    0.0233    0.0233    0.0233

  Columns 2710 through 2718

    0.0233    0.0233    0.0233    0.0233    0.0233    0.0233    0.0233    0.0233    0.0233

  Columns 2719 through 2727

    0.0233    0.0233    0.0233    0.0233    0.0233    0.0233    0.0233    0.0233    0.0233

  Columns 2728 through 2736

    0.0233    0.0233    0.0233    0.0233    0.0233    0.0233    0.0233    0.0233    0.0233

  Columns 2737 through 2745

    0.0233    0.0233    0.0233    0.0233    0.0233    0.0233    0.0233    0.0233    0.0233

  Columns 2746 through 2754

    0.0233    0.0233    0.0233    0.0233    0.0233    0.0233    0.0233    0.0233    0.0233

  Columns 2755 through 2763

    0.0233    0.0233    0.0233    0.0233    0.0233    0.0233    0.0233    0.0233    0.0233

  Columns 2764 through 2772

    0.0233    0.0233    0.0233    0.0233    0.0233    0.0233    0.0233    0.0233    0.0233

  Columns 2773 through 2781

    0.0233    0.0233    0.0233    0.0233    0.0233    0.0233    0.0233    0.0233    0.0233

  Columns 2782 through 2790

    0.0233    0.0233    0.0233    0.0233    0.0233    0.0233    0.0233    0.0233    0.0233

  Columns 2791 through 2799

    0.0233    0.0233    0.0233    0.0233    0.0233    0.0233    0.0233    0.0233    0.0233

  Columns 2800 through 2808

    0.0233    0.0233    0.0233    0.0233    0.0233    0.0233    0.0233    0.0233    0.0233

  Columns 2809 through 2817

    0.0233    0.0233    0.0233    0.0233    0.0233    0.0233    0.0233    0.0233    0.0233

  Columns 2818 through 2826

    0.0233    0.0233    0.0233    0.0233    0.0233    0.0233    0.0233    0.0233    0.0233

  Columns 2827 through 2835

    0.0233    0.0233    0.0233    0.0233    0.0233    0.0233    0.0233    0.0233    0.0233

  Columns 2836 through 2844

    0.0233    0.0233    0.0233    0.0233    0.0233    0.0233    0.0233    0.0233    0.0233

  Columns 2845 through 2853

    0.0233    0.0233    0.0233    0.0233    0.0233    0.0233    0.0233    0.0233    0.0233

  Columns 2854 through 2862

    0.0233    0.0233    0.0233    0.0233    0.0233    0.0233    0.0233    0.0233    0.0233

  Columns 2863 through 2871

    0.0233    0.0233    0.0233    0.0233    0.0233    0.0233    0.0233    0.0233    0.0233

  Columns 2872 through 2880

    0.0233    0.0233    0.0233    0.0233    0.0233    0.0233    0.0233    0.0233    0.0233

  Columns 2881 through 2889

    0.0233    0.0233    0.0233    0.0233    0.0233    0.0233    0.0233    0.0233    0.0233

  Columns 2890 through 2898

    0.0233    0.0233    0.0233    0.0233    0.0233    0.0233    0.0233    0.0233    0.0233

  Columns 2899 through 2907

    0.0233    0.0233    0.0233    0.0233    0.0233    0.0233    0.0233    0.0233    0.0233

  Columns 2908 through 2916

    0.0233    0.0233    0.0233    0.0233    0.0233    0.0233    0.0233    0.0233    0.0233

  Columns 2917 through 2925

    0.0233    0.0233    0.0233    0.0233    0.0233    0.0233    0.0233    0.0233    0.0233

  Columns 2926 through 2934

    0.0233    0.0233    0.0233    0.0233    0.0233    0.0233    0.0233    0.0233    0.0233

  Columns 2935 through 2943

    0.0233    0.0233    0.0233    0.0233    0.0233    0.0233    0.0233    0.0233    0.0233

  Columns 2944 through 2952

    0.0233    0.0233    0.0233    0.0233    0.0233    0.0233    0.0233    0.0233    0.0233

  Columns 2953 through 2961

    0.0233    0.0233    0.0233    0.0233    0.0233    0.0233    0.0233    0.0233    0.0233

  Columns 2962 through 2970

    0.0233    0.0233    0.0233    0.0233    0.0233    0.0233    0.0233    0.0233    0.0233

  Columns 2971 through 2979

    0.0233    0.0233    0.0233    0.0233    0.0233    0.0233    0.0233    0.0233    0.0233

  Columns 2980 through 2988

    0.0233    0.0233    0.0233    0.0233    0.0233    0.0233    0.0233    0.0233    0.0233

  Columns 2989 through 2997

    0.0233    0.0233    0.0233    0.0233    0.0233    0.0233    0.0233    0.0233    0.0233

  Columns 2998 through 3006

    0.0233    0.0233    0.0233    0.0233    0.0233    0.0233    0.0233    0.0233    0.0233

  Columns 3007 through 3015

    0.0233    0.0233    0.0233    0.0233    0.0233    0.0233    0.0233    0.0233    0.0233

  Columns 3016 through 3024

    0.0233    0.0233    0.0233    0.0233    0.0233    0.0233    0.0233    0.0233    0.0233

  Columns 3025 through 3033

    0.0233    0.0233    0.0233    0.0233    0.0233    0.0233    0.0233    0.0233    0.0233

  Columns 3034 through 3042

    0.0233    0.0233    0.0233    0.0233    0.0233    0.0233    0.0233    0.0233    0.0233

  Columns 3043 through 3051

    0.0233    0.0233    0.0233    0.0233    0.0233    0.0233    0.0233    0.0233    0.0233

  Columns 3052 through 3060

    0.0233    0.0233    0.0233    0.0233    0.0233    0.0233    0.0233    0.0233    0.0233

  Columns 3061 through 3069

    0.0233    0.0233    0.0233    0.0233    0.0233    0.0233    0.0233    0.0233    0.0233

  Columns 3070 through 3078

    0.0233    0.0233    0.0233    0.0233    0.0233    0.0233    0.0233    0.0233    0.0233

  Columns 3079 through 3087

    0.0233    0.0233    0.0233    0.0233    0.0233    0.0233    0.0233    0.0233    0.0233

  Columns 3088 through 3096

    0.0233    0.0233    0.0233    0.0233    0.0233    0.0233    0.0233    0.0233    0.0233

  Columns 3097 through 3105

    0.0233    0.0233    0.0233    0.0233    0.0233    0.0233    0.0233    0.0233    0.0233

  Columns 3106 through 3114

    0.0233    0.0233    0.0233    0.0233    0.0233    0.0233    0.0233    0.0233    0.0233

  Columns 3115 through 3123

    0.0233    0.0233    0.0233    0.0233    0.0233    0.0233    0.0233    0.0233    0.0233

  Columns 3124 through 3132

    0.0233    0.0233    0.0233    0.0233    0.0233    0.0233    0.0233    0.0233    0.0233

  Columns 3133 through 3141

    0.0233    0.0233    0.0233    0.0233    0.0233    0.0233    0.0233    0.0233    0.0233

  Columns 3142 through 3150

    0.0233    0.0233    0.0233    0.0233    0.0233    0.0233    0.0233    0.0233    0.0233

  Columns 3151 through 3159

    0.0233    0.0233    0.0233    0.0233    0.0233    0.0233    0.0233    0.0233    0.0233

  Columns 3160 through 3168

    0.0233    0.0233    0.0233    0.0233    0.0233    0.0233    0.0233    0.0233    0.0233

  Columns 3169 through 3177

    0.0233    0.0233    0.0233    0.0233    0.0233    0.0233    0.0233    0.0233    0.0233

  Columns 3178 through 3186

    0.0233    0.0233    0.0233    0.0233    0.0233    0.0233    0.0233    0.0233    0.0233

  Columns 3187 through 3195

    0.0233    0.0233    0.0233    0.0233    0.0233    0.0233    0.0233    0.0233    0.0233

  Columns 3196 through 3204

    0.0233    0.0233    0.0233    0.0233    0.0233    0.0233    0.0233    0.0233    0.0233

  Columns 3205 through 3213

    0.0233    0.0233    0.0233    0.0233    0.0233    0.0233    0.0233    0.0233    0.0233

  Columns 3214 through 3222

    0.0233    0.0233    0.0233    0.0233    0.0233    0.0233    0.0233    0.0233    0.0233

  Columns 3223 through 3231

    0.0233    0.0233    0.0233    0.0233    0.0233    0.0233    0.0233    0.0233    0.0233

  Columns 3232 through 3240

    0.0233    0.0233    0.0233    0.0233    0.0233    0.0233    0.0233    0.0233    0.0233

  Columns 3241 through 3249

    0.0233    0.0233    0.0233    0.0233    0.0233    0.0233    0.0233    0.0233    0.0233

  Columns 3250 through 3258

    0.0233    0.0233    0.0233    0.0233    0.0233    0.0233    0.0233    0.0233    0.0233

  Columns 3259 through 3267

    0.0233    0.0233    0.0233    0.0233    0.0233    0.0233    0.0233    0.0233    0.0233

  Columns 3268 through 3276

    0.0233    0.0233    0.0233    0.0233    0.0233    0.0233    0.0233    0.0233    0.0233

  Columns 3277 through 3285

    0.0233    0.0233    0.0233    0.0233    0.0233    0.0233    0.0233    0.0233    0.0233

  Columns 3286 through 3294

    0.0233    0.0233    0.0233    0.0233    0.0233    0.0233    0.0233    0.0233    0.0233

  Columns 3295 through 3303

    0.0233    0.0233    0.0233    0.0233    0.0233    0.0233    0.0233    0.0233    0.0233

  Columns 3304 through 3312

    0.0233    0.0233    0.0233    0.0233    0.0233    0.0233    0.0233    0.0233    0.0233

  Columns 3313 through 3321

    0.0233    0.0233    0.0233    0.0233    0.0233    0.0233    0.0233    0.0233    0.0233

  Columns 3322 through 3330

    0.0233    0.0233    0.0233    0.0233    0.0233    0.0233    0.0233    0.0233    0.0233

  Columns 3331 through 3339

    0.0233    0.0233    0.0233    0.0233    0.0233    0.0233    0.0233    0.0233    0.0233

  Columns 3340 through 3348

    0.0233    0.0233    0.0233    0.0233    0.0233    0.0233    0.0233    0.0233    0.0233

  Columns 3349 through 3357

    0.0233    0.0233    0.0233    0.0233    0.0233    0.0233    0.0233    0.0233    0.0233

  Columns 3358 through 3366

    0.0233    0.0233    0.0233    0.0233    0.0233    0.0233    0.0233    0.0233    0.0233

  Columns 3367 through 3375

    0.0233    0.0233    0.0233    0.0233    0.0233    0.0233    0.0233    0.0233    0.0233

  Columns 3376 through 3384

    0.0233    0.0233    0.0233    0.0233    0.0233    0.0233    0.0233    0.0233    0.0233

  Columns 3385 through 3393

    0.0233    0.0233    0.0233    0.0233    0.0233    0.0233    0.0233    0.0233    0.0233

  Columns 3394 through 3402

    0.0233    0.0233    0.0233    0.0233    0.0233    0.0233    0.0233    0.0233    0.0233

  Columns 3403 through 3411

    0.0233    0.0233    0.0233    0.0233    0.0233    0.0233    0.0233    0.0233    0.0233

  Columns 3412 through 3420

    0.0233    0.0233    0.0233    0.0233    0.0233    0.0233    0.0233    0.0233    0.0233

  Columns 3421 through 3429

    0.0233    0.0233    0.0233    0.0233    0.0233    0.0233    0.0232    0.0232    0.0232

  Columns 3430 through 3438

    0.0232    0.0232    0.0232    0.0232    0.0232    0.0232    0.0232    0.0232    0.0232

  Columns 3439 through 3447

    0.0232    0.0232    0.0232    0.0232    0.0232    0.0232    0.0232    0.0232    0.0232

  Columns 3448 through 3456

    0.0232    0.0232    0.0232    0.0232    0.0232    0.0232    0.0232    0.0232    0.0232

  Columns 3457 through 3465

    0.0232    0.0232    0.0232    0.0232    0.0232    0.0232    0.0232    0.0232    0.0232

  Columns 3466 through 3474

    0.0232    0.0232    0.0232    0.0232    0.0232    0.0232    0.0232    0.0232    0.0232

  Columns 3475 through 3483

    0.0232    0.0232    0.0232    0.0232    0.0232    0.0232    0.0232    0.0232    0.0232

  Columns 3484 through 3492

    0.0232    0.0232    0.0232    0.0232    0.0232    0.0232    0.0232    0.0232    0.0232

  Columns 3493 through 3501

    0.0232    0.0232    0.0232    0.0232    0.0232    0.0232    0.0232    0.0232    0.0232

  Columns 3502 through 3510

    0.0232    0.0232    0.0232    0.0232    0.0232    0.0232    0.0232    0.0232    0.0232

  Columns 3511 through 3519

    0.0232    0.0232    0.0232    0.0232    0.0232    0.0232    0.0232    0.0232    0.0232

  Columns 3520 through 3528

    0.0232    0.0232    0.0232    0.0232    0.0232    0.0232    0.0232    0.0232    0.0232

  Columns 3529 through 3537

    0.0232    0.0232    0.0232    0.0232    0.0232    0.0232    0.0232    0.0232    0.0232

  Columns 3538 through 3546

    0.0232    0.0232    0.0232    0.0232    0.0232    0.0232    0.0232    0.0232    0.0232

  Columns 3547 through 3555

    0.0232    0.0232    0.0232    0.0232    0.0232    0.0232    0.0232    0.0232    0.0232

  Columns 3556 through 3564

    0.0232    0.0232    0.0232    0.0232    0.0232    0.0232    0.0232    0.0232    0.0232

  Columns 3565 through 3573

    0.0232    0.0232    0.0232    0.0232    0.0232    0.0232    0.0232    0.0232    0.0232

  Columns 3574 through 3582

    0.0232    0.0232    0.0232    0.0232    0.0232    0.0232    0.0232    0.0232    0.0232

  Columns 3583 through 3591

    0.0232    0.0232    0.0232    0.0232    0.0232    0.0232    0.0232    0.0232    0.0232

  Columns 3592 through 3600

    0.0232    0.0232    0.0232    0.0232    0.0232    0.0232    0.0232    0.0232    0.0232

  Columns 3601 through 3609

    0.0232    0.0232    0.0232    0.0232    0.0232    0.0232    0.0232    0.0232    0.0232

  Columns 3610 through 3618

    0.0232    0.0232    0.0232    0.0232    0.0232    0.0232    0.0232    0.0232    0.0232

  Columns 3619 through 3627

    0.0232    0.0232    0.0232    0.0232    0.0232    0.0232    0.0232    0.0232    0.0232

  Columns 3628 through 3636

    0.0232    0.0232    0.0232    0.0232    0.0232    0.0232    0.0232    0.0232    0.0232

  Columns 3637 through 3645

    0.0232    0.0232    0.0232    0.0232    0.0232    0.0232    0.0232    0.0232    0.0232

  Columns 3646 through 3654

    0.0232    0.0232    0.0232    0.0232    0.0232    0.0232    0.0232    0.0232    0.0232

  Columns 3655 through 3663

    0.0232    0.0232    0.0232    0.0232    0.0232    0.0232    0.0232    0.0232    0.0232

  Columns 3664 through 3672

    0.0232    0.0232    0.0232    0.0232    0.0232    0.0232    0.0232    0.0232    0.0232

  Columns 3673 through 3681

    0.0232    0.0232    0.0232    0.0232    0.0232    0.0232    0.0232    0.0232    0.0232

  Columns 3682 through 3690

    0.0232    0.0232    0.0232    0.0232    0.0232    0.0232    0.0232    0.0232    0.0232

  Columns 3691 through 3699

    0.0232    0.0232    0.0232    0.0232    0.0232    0.0232    0.0232    0.0232    0.0232

  Columns 3700 through 3708

    0.0232    0.0232    0.0232    0.0232    0.0232    0.0232    0.0232    0.0232    0.0232

  Columns 3709 through 3717

    0.0232    0.0232    0.0232    0.0232    0.0232    0.0232    0.0232    0.0232    0.0232

  Columns 3718 through 3726

    0.0232    0.0232    0.0232    0.0232    0.0232    0.0232    0.0232    0.0232    0.0232

  Columns 3727 through 3735

    0.0232    0.0232    0.0232    0.0232    0.0232    0.0232    0.0232    0.0232    0.0232

  Columns 3736 through 3744

    0.0232    0.0232    0.0232    0.0232    0.0232    0.0232    0.0232    0.0232    0.0232

  Columns 3745 through 3753

    0.0232    0.0232    0.0232    0.0232    0.0232    0.0232    0.0232    0.0232    0.0232

  Columns 3754 through 3762

    0.0232    0.0232    0.0232    0.0232    0.0232    0.0232    0.0232    0.0232    0.0232

  Columns 3763 through 3771

    0.0232    0.0232    0.0232    0.0232    0.0232    0.0232    0.0232    0.0232    0.0232

  Columns 3772 through 3780

    0.0232    0.0232    0.0232    0.0232    0.0232    0.0232    0.0232    0.0232    0.0232

  Columns 3781 through 3789

    0.0232    0.0232    0.0232    0.0232    0.0232    0.0232    0.0232    0.0232    0.0232

  Columns 3790 through 3798

    0.0232    0.0232    0.0232    0.0232    0.0232    0.0232    0.0232    0.0232    0.0232

  Columns 3799 through 3807

    0.0232    0.0232    0.0232    0.0232    0.0232    0.0232    0.0232    0.0232    0.0232

  Columns 3808 through 3816

    0.0232    0.0232    0.0232    0.0232    0.0232    0.0232    0.0232    0.0232    0.0232

  Columns 3817 through 3825

    0.0232    0.0232    0.0232    0.0232    0.0232    0.0232    0.0232    0.0232    0.0232

  Columns 3826 through 3834

    0.0232    0.0232    0.0232    0.0232    0.0232    0.0232    0.0232    0.0232    0.0232

  Columns 3835 through 3843

    0.0232    0.0232    0.0232    0.0232    0.0232    0.0232    0.0232    0.0232    0.0232

  Columns 3844 through 3852

    0.0232    0.0232    0.0232    0.0232    0.0232    0.0232    0.0232    0.0232    0.0232

  Columns 3853 through 3861

    0.0232    0.0232    0.0232    0.0232    0.0232    0.0232    0.0232    0.0232    0.0232

  Columns 3862 through 3870

    0.0232    0.0232    0.0232    0.0232    0.0232    0.0232    0.0232    0.0232    0.0232

  Columns 3871 through 3879

    0.0232    0.0232    0.0232    0.0232    0.0232    0.0232    0.0232    0.0232    0.0232

  Columns 3880 through 3888

    0.0232    0.0232    0.0232    0.0232    0.0232    0.0232    0.0232    0.0232    0.0232

  Columns 3889 through 3897

    0.0232    0.0232    0.0232    0.0232    0.0232    0.0232    0.0232    0.0232    0.0232

  Columns 3898 through 3906

    0.0232    0.0232    0.0232    0.0232    0.0232    0.0232    0.0232    0.0232    0.0232

  Columns 3907 through 3915

    0.0232    0.0232    0.0232    0.0232    0.0232    0.0232    0.0232    0.0232    0.0232

  Columns 3916 through 3924

    0.0232    0.0232    0.0232    0.0232    0.0232    0.0232    0.0232    0.0232    0.0232

  Columns 3925 through 3933

    0.0232    0.0232    0.0232    0.0232    0.0232    0.0232    0.0232    0.0232    0.0232

  Columns 3934 through 3942

    0.0232    0.0232    0.0232    0.0232    0.0232    0.0232    0.0232    0.0232    0.0232

  Columns 3943 through 3951

    0.0232    0.0232    0.0232    0.0232    0.0232    0.0232    0.0232    0.0232    0.0232

  Columns 3952 through 3960

    0.0232    0.0232    0.0232    0.0232    0.0232    0.0232    0.0232    0.0232    0.0232

  Columns 3961 through 3969

    0.0232    0.0232    0.0232    0.0232    0.0232    0.0232    0.0232    0.0232    0.0232

  Columns 3970 through 3978

    0.0232    0.0232    0.0232    0.0232    0.0232    0.0232    0.0232    0.0232    0.0232

  Columns 3979 through 3987

    0.0232    0.0232    0.0232    0.0232    0.0232    0.0232    0.0232    0.0232    0.0232

  Columns 3988 through 3996

    0.0232    0.0232    0.0232    0.0232    0.0232    0.0232    0.0232    0.0232    0.0232

  Columns 3997 through 4005

    0.0232    0.0232    0.0232    0.0232    0.0232    0.0232    0.0232    0.0232    0.0232

  Columns 4006 through 4014

    0.0232    0.0232    0.0232    0.0232    0.0232    0.0232    0.0232    0.0232    0.0232

  Columns 4015 through 4023

    0.0232    0.0232    0.0232    0.0232    0.0232    0.0232    0.0232    0.0232    0.0232

  Columns 4024 through 4032

    0.0232    0.0232    0.0232    0.0232    0.0232    0.0232    0.0232    0.0232    0.0232

  Columns 4033 through 4041

    0.0232    0.0232    0.0232    0.0232    0.0232    0.0232    0.0232    0.0232    0.0232

  Columns 4042 through 4050

    0.0232    0.0232    0.0232    0.0232    0.0232    0.0232    0.0232    0.0232    0.0232

  Columns 4051 through 4059

    0.0232    0.0232    0.0232    0.0232    0.0232    0.0232    0.0232    0.0232    0.0232

  Columns 4060 through 4068

    0.0232    0.0232    0.0232    0.0232    0.0232    0.0232    0.0232    0.0232    0.0232

  Columns 4069 through 4077

    0.0232    0.0232    0.0232    0.0232    0.0232    0.0232    0.0232    0.0232    0.0232

  Columns 4078 through 4086

    0.0232    0.0232    0.0232    0.0232    0.0232    0.0232    0.0232    0.0232    0.0232

  Columns 4087 through 4095

    0.0232    0.0232    0.0232    0.0232    0.0232    0.0232    0.0232    0.0232    0.0232

  Columns 4096 through 4104

    0.0232    0.0232    0.0232    0.0232    0.0232    0.0232    0.0232    0.0232    0.0232

  Columns 4105 through 4113

    0.0232    0.0232    0.0232    0.0232    0.0232    0.0232    0.0232    0.0232    0.0232

  Columns 4114 through 4122

    0.0232    0.0232    0.0232    0.0232    0.0232    0.0232    0.0232    0.0232    0.0232

  Columns 4123 through 4131

    0.0232    0.0232    0.0232    0.0232    0.0232    0.0232    0.0232    0.0232    0.0232

  Columns 4132 through 4140

    0.0232    0.0232    0.0232    0.0232    0.0232    0.0232    0.0232    0.0232    0.0232

  Columns 4141 through 4149

    0.0232    0.0232    0.0232    0.0232    0.0232    0.0232    0.0232    0.0232    0.0232

  Columns 4150 through 4158

    0.0232    0.0232    0.0232    0.0232    0.0232    0.0232    0.0232    0.0232    0.0232

  Columns 4159 through 4167

    0.0232    0.0232    0.0232    0.0232    0.0232    0.0232    0.0232    0.0232    0.0232

  Columns 4168 through 4176

    0.0232    0.0232    0.0232    0.0232    0.0232    0.0232    0.0232    0.0232    0.0232

  Columns 4177 through 4185

    0.0232    0.0232    0.0232    0.0232    0.0232    0.0232    0.0232    0.0232    0.0232

  Columns 4186 through 4194

    0.0232    0.0232    0.0232    0.0232    0.0232    0.0232    0.0232    0.0232    0.0232

  Columns 4195 through 4203

    0.0232    0.0232    0.0232    0.0232    0.0232    0.0232    0.0232    0.0232    0.0232

  Columns 4204 through 4212

    0.0232    0.0232    0.0232    0.0232    0.0232    0.0232    0.0231    0.0231    0.0231

  Columns 4213 through 4221

    0.0231    0.0231    0.0231    0.0231    0.0231    0.0231    0.0231    0.0231    0.0231

  Columns 4222 through 4230

    0.0231    0.0231    0.0231    0.0231    0.0231    0.0231    0.0231    0.0231    0.0231

  Columns 4231 through 4239

    0.0231    0.0231    0.0231    0.0231    0.0231    0.0231    0.0231    0.0231    0.0231

  Columns 4240 through 4248

    0.0231    0.0231    0.0231    0.0231    0.0231    0.0231    0.0231    0.0231    0.0231

  Columns 4249 through 4257

    0.0231    0.0231    0.0231    0.0231    0.0231    0.0231    0.0231    0.0231    0.0231

  Columns 4258 through 4266

    0.0231    0.0231    0.0231    0.0231    0.0231    0.0231    0.0231    0.0231    0.0231

  Columns 4267 through 4275

    0.0231    0.0231    0.0231    0.0231    0.0231    0.0231    0.0231    0.0231    0.0231

  Columns 4276 through 4284

    0.0231    0.0231    0.0231    0.0231    0.0231    0.0231    0.0231    0.0231    0.0231

  Columns 4285 through 4293

    0.0231    0.0231    0.0231    0.0231    0.0231    0.0231    0.0231    0.0231    0.0231

  Columns 4294 through 4302

    0.0231    0.0231    0.0231    0.0231    0.0231    0.0231    0.0231    0.0231    0.0231

  Columns 4303 through 4311

    0.0231    0.0231    0.0231    0.0231    0.0231    0.0231    0.0231    0.0231    0.0231

  Columns 4312 through 4320

    0.0231    0.0231    0.0231    0.0231    0.0231    0.0231    0.0231    0.0231    0.0231

  Columns 4321 through 4329

    0.0231    0.0231    0.0231    0.0231    0.0231    0.0231    0.0231    0.0231    0.0231

  Columns 4330 through 4338

    0.0231    0.0231    0.0231    0.0231    0.0231    0.0231    0.0231    0.0231    0.0231

  Columns 4339 through 4347

    0.0231    0.0231    0.0231    0.0231    0.0231    0.0231    0.0231    0.0231    0.0231

  Columns 4348 through 4356

    0.0231    0.0231    0.0231    0.0231    0.0231    0.0231    0.0231    0.0231    0.0231

  Columns 4357 through 4365

    0.0231    0.0231    0.0231    0.0231    0.0231    0.0231    0.0231    0.0231    0.0231

  Columns 4366 through 4374

    0.0231    0.0231    0.0231    0.0231    0.0231    0.0231    0.0231    0.0231    0.0231

  Columns 4375 through 4383

    0.0231    0.0231    0.0231    0.0231    0.0231    0.0231    0.0231    0.0231    0.0231

  Columns 4384 through 4392

    0.0231    0.0231    0.0231    0.0231    0.0231    0.0231    0.0231    0.0231    0.0231

  Columns 4393 through 4401

    0.0231    0.0231    0.0231    0.0231    0.0231    0.0231    0.0231    0.0231    0.0231

  Columns 4402 through 4410

    0.0231    0.0231    0.0231    0.0231    0.0231    0.0231    0.0231    0.0231    0.0231

  Columns 4411 through 4419

    0.0231    0.0231    0.0231    0.0231    0.0231    0.0231    0.0231    0.0231    0.0231

  Columns 4420 through 4428

    0.0231    0.0231    0.0231    0.0231    0.0231    0.0231    0.0231    0.0231    0.0231

  Columns 4429 through 4437

    0.0231    0.0231    0.0231    0.0231    0.0231    0.0231    0.0231    0.0231    0.0231

  Columns 4438 through 4446

    0.0231    0.0231    0.0231    0.0231    0.0231    0.0231    0.0231    0.0231    0.0231

  Columns 4447 through 4455

    0.0231    0.0231    0.0231    0.0231    0.0231    0.0231    0.0231    0.0231    0.0231

  Columns 4456 through 4464

    0.0231    0.0231    0.0231    0.0231    0.0231    0.0231    0.0231    0.0231    0.0231

  Columns 4465 through 4473

    0.0231    0.0231    0.0231    0.0231    0.0231    0.0231    0.0231    0.0231    0.0231

  Columns 4474 through 4482

    0.0231    0.0231    0.0231    0.0231    0.0231    0.0231    0.0231    0.0231    0.0231

  Columns 4483 through 4491

    0.0231    0.0231    0.0231    0.0231    0.0231    0.0231    0.0231    0.0231    0.0231

  Columns 4492 through 4500

    0.0231    0.0231    0.0231    0.0231    0.0231    0.0231    0.0231    0.0231    0.0231

  Columns 4501 through 4509

    0.0231    0.0231    0.0231    0.0231    0.0231    0.0231    0.0231    0.0231    0.0231

  Columns 4510 through 4518

    0.0231    0.0231    0.0231    0.0231    0.0231    0.0231    0.0231    0.0231    0.0231

  Columns 4519 through 4527

    0.0231    0.0231    0.0231    0.0231    0.0231    0.0231    0.0231    0.0231    0.0231

  Columns 4528 through 4536

    0.0231    0.0231    0.0231    0.0231    0.0231    0.0231    0.0231    0.0231    0.0231

  Columns 4537 through 4545

    0.0231    0.0231    0.0231    0.0231    0.0231    0.0231    0.0231    0.0231    0.0231

  Columns 4546 through 4554

    0.0231    0.0231    0.0231    0.0231    0.0231    0.0231    0.0231    0.0231    0.0231

  Columns 4555 through 4563

    0.0231    0.0231    0.0231    0.0231    0.0231    0.0231    0.0231    0.0231    0.0231

  Columns 4564 through 4572

    0.0231    0.0231    0.0231    0.0231    0.0231    0.0231    0.0231    0.0231    0.0231

  Columns 4573 through 4581

    0.0231    0.0231    0.0231    0.0231    0.0231    0.0231    0.0231    0.0231    0.0231

  Columns 4582 through 4590

    0.0231    0.0231    0.0231    0.0231    0.0231    0.0231    0.0231    0.0231    0.0231

  Columns 4591 through 4599

    0.0231    0.0231    0.0231    0.0231    0.0231    0.0231    0.0231    0.0231    0.0231

  Columns 4600 through 4608

    0.0231    0.0231    0.0231    0.0231    0.0231    0.0231    0.0231    0.0231    0.0231

  Columns 4609 through 4617

    0.0231    0.0231    0.0231    0.0231    0.0231    0.0231    0.0231    0.0231    0.0231

  Columns 4618 through 4626

    0.0231    0.0231    0.0231    0.0231    0.0231    0.0231    0.0231    0.0231    0.0231

  Columns 4627 through 4635

    0.0231    0.0231    0.0231    0.0231    0.0231    0.0231    0.0231    0.0231    0.0231

  Columns 4636 through 4644

    0.0231    0.0231    0.0231    0.0231    0.0231    0.0231    0.0231    0.0231    0.0231

  Columns 4645 through 4653

    0.0231    0.0231    0.0231    0.0231    0.0231    0.0231    0.0231    0.0231    0.0231

  Columns 4654 through 4662

    0.0231    0.0231    0.0231    0.0231    0.0231    0.0231    0.0231    0.0231    0.0231

  Columns 4663 through 4671

    0.0231    0.0231    0.0231    0.0231    0.0231    0.0231    0.0231    0.0231    0.0231

  Columns 4672 through 4680

    0.0231    0.0231    0.0231    0.0231    0.0231    0.0231    0.0231    0.0231    0.0231

  Columns 4681 through 4689

    0.0231    0.0231    0.0231    0.0231    0.0231    0.0231    0.0231    0.0231    0.0231

  Columns 4690 through 4698

    0.0231    0.0231    0.0231    0.0231    0.0231    0.0231    0.0231    0.0231    0.0231

  Columns 4699 through 4707

    0.0231    0.0231    0.0231    0.0231    0.0231    0.0231    0.0231    0.0231    0.0231

  Columns 4708 through 4716

    0.0231    0.0231    0.0231    0.0231    0.0231    0.0231    0.0231    0.0231    0.0231

  Columns 4717 through 4725

    0.0231    0.0231    0.0231    0.0231    0.0231    0.0231    0.0231    0.0231    0.0231

  Columns 4726 through 4734

    0.0231    0.0231    0.0231    0.0231    0.0231    0.0231    0.0231    0.0231    0.0231

  Columns 4735 through 4743

    0.0231    0.0231    0.0231    0.0231    0.0231    0.0231    0.0231    0.0231    0.0231

  Columns 4744 through 4752

    0.0231    0.0231    0.0231    0.0231    0.0231    0.0231    0.0231    0.0231    0.0231

  Columns 4753 through 4761

    0.0231    0.0231    0.0231    0.0231    0.0231    0.0231    0.0231    0.0231    0.0231

  Columns 4762 through 4770

    0.0231    0.0231    0.0231    0.0231    0.0231    0.0231    0.0231    0.0231    0.0231

  Columns 4771 through 4779

    0.0231    0.0231    0.0231    0.0231    0.0231    0.0231    0.0231    0.0231    0.0231

  Columns 4780 through 4788

    0.0231    0.0231    0.0231    0.0231    0.0231    0.0231    0.0231    0.0231    0.0231

  Columns 4789 through 4797

    0.0231    0.0231    0.0231    0.0231    0.0231    0.0231    0.0231    0.0231    0.0231

  Columns 4798 through 4806

    0.0231    0.0231    0.0231    0.0231    0.0231    0.0231    0.0231    0.0231    0.0231

  Columns 4807 through 4815

    0.0231    0.0231    0.0231    0.0231    0.0231    0.0231    0.0231    0.0231    0.0231

  Columns 4816 through 4824

    0.0231    0.0231    0.0231    0.0231    0.0231    0.0231    0.0231    0.0231    0.0231

  Columns 4825 through 4833

    0.0231    0.0231    0.0231    0.0231    0.0231    0.0231    0.0231    0.0231    0.0231

  Columns 4834 through 4842

    0.0231    0.0231    0.0231    0.0231    0.0231    0.0231    0.0231    0.0231    0.0231

  Columns 4843 through 4851

    0.0231    0.0231    0.0231    0.0231    0.0231    0.0231    0.0231    0.0231    0.0231

  Columns 4852 through 4860

    0.0231    0.0231    0.0231    0.0231    0.0231    0.0231    0.0231    0.0231    0.0231

  Columns 4861 through 4869

    0.0231    0.0231    0.0231    0.0231    0.0231    0.0231    0.0231    0.0231    0.0231

  Columns 4870 through 4878

    0.0231    0.0231    0.0231    0.0231    0.0231    0.0231    0.0231    0.0231    0.0231

  Columns 4879 through 4887

    0.0231    0.0231    0.0231    0.0231    0.0231    0.0231    0.0231    0.0231    0.0231

  Columns 4888 through 4896

    0.0231    0.0231    0.0231    0.0231    0.0231    0.0231    0.0231    0.0231    0.0231

  Columns 4897 through 4905

    0.0231    0.0231    0.0231    0.0231    0.0231    0.0231    0.0231    0.0231    0.0231

  Columns 4906 through 4914

    0.0231    0.0231    0.0231    0.0231    0.0231    0.0231    0.0231    0.0231    0.0231

  Columns 4915 through 4923

    0.0231    0.0231    0.0231    0.0231    0.0231    0.0231    0.0231    0.0231    0.0231

  Columns 4924 through 4932

    0.0231    0.0231    0.0231    0.0231    0.0231    0.0231    0.0231    0.0231    0.0231

  Columns 4933 through 4941

    0.0231    0.0231    0.0231    0.0231    0.0231    0.0231    0.0231    0.0231    0.0231

  Columns 4942 through 4950

    0.0231    0.0231    0.0230    0.0230    0.0230    0.0230    0.0230    0.0230    0.0230

  Columns 4951 through 4959

    0.0230    0.0230    0.0230    0.0230    0.0230    0.0230    0.0230    0.0230    0.0230

  Columns 4960 through 4968

    0.0230    0.0230    0.0230    0.0230    0.0230    0.0230    0.0230    0.0230    0.0230

  Columns 4969 through 4977

    0.0230    0.0230    0.0230    0.0230    0.0230    0.0230    0.0230    0.0230    0.0230

  Columns 4978 through 4986

    0.0230    0.0230    0.0230    0.0230    0.0230    0.0230    0.0230    0.0230    0.0230

  Columns 4987 through 4995

    0.0230    0.0230    0.0230    0.0230    0.0230    0.0230    0.0230    0.0230    0.0230

  Columns 4996 through 5000

    0.0230    0.0230    0.0230    0.0230    0.0230


RESULT = 

    [0.0230]    [5000]    [149.2036]